Zone ID    Volume Average eps     Volume Average K       Volume                 Density           Continuity Error    Global Cont Error
#          (m^2/s^3)              (m^2/s^2)              (m^3)                  (kg/m^3)          (kg/s)              (kg/s)
0          6.9445210810925e-06    4.8422478587758e-07    1.1227383502558e-07    9.98200000e+02    +3.46026031e-11    -4.95207012e-09
1          1.7382669518686e-05    9.9059760443883e-07    1.1184007098083e-07    9.98200000e+02    -8.22546746e-11
2          4.0054102038578e-03    1.2640074929173e-03    1.0145535569448e-03    9.98200000e+02    +6.76918013e-08
3          6.6018384098566e-04    5.3939397650841e-04    1.2351712029136e-03    9.98200000e+02    -2.11443966e-08
4          8.1070177122701e-02    5.7728326729115e-03    2.5081646908275e-04    9.98200000e+02    -3.80894760e-09
5          1.5611078583802e-04    2.0066106611688e-04    4.8442383113875e-04    9.98200000e+02    -2.97125376e-08
6          5.5101090877999e-02    4.9963932933453e-03    2.8930090087282e-05    9.98200000e+02    -5.65025132e-09
7          6.7199935611245e-03    1.1428097381651e-03    2.7132811209451e-07    9.98200000e+02    -1.04940673e-09
8          5.4417684579177e-03    1.5968104011307e-03    1.5117856044189e-05    9.98200000e+02    +5.52010653e-09
9          1.1641489847610e-01    7.9706210263051e-03    9.4680396402090e-06    9.98200000e+02    +1.51436922e-09
10         8.1373814659548e-03    1.3109107771079e-03    4.7095327650636e-07    9.98200000e+02    -2.83382000e-10
11         1.4633708450457e-02    2.7170313904783e-03    2.6947047501138e-05    9.98200000e+02    -1.79817732e-08
