#           From          To      Mass Flux              Volumetric Flux
                                  (kg/s)                 (m3/s)

1           0     --->    10      4.4421494051932e-04    4.4501596926400e-07
2           1     --->    6       7.3167560900000e-06    7.3299500000000e-09
3           1     --->    7       5.5416841049772e-04    5.5516771238000e-07
4           2     --->    3       6.9472910224873e-01    6.9598186961404e-04
5           2     --->    4       1.3095288571497e+00    1.3118902596170e-03
6           2     --->    5       2.2985701130000e-06    2.3027150000000e-09
7           2     --->    6       3.1920941358406e-02    3.1978502663200e-05
8           2     --->    7       6.2312883358149e-05    6.2425248806000e-08
9           2     --->    8       4.8551810572829e-02    4.8639361423391e-05
10          2     --->    9       4.6212685467060e-03    4.6296018300000e-06
11          2     --->    10      7.9411454268243e-05    7.9554652643000e-08
12          2     --->    11      6.8853501257864e-02    6.8977661047750e-05
13          3     --->    2       6.4791209439028e-01    6.4908043918081e-04
14          3     --->    3       8.5024942026780e-04    8.5178262900000e-07
15          3     --->    4       5.3226389734000e-04    5.3322370000000e-07
16          3     --->    5       4.1363212779192e-01    4.1437800820669e-04
17          3     --->    6       2.2630201143872e-03    2.2671008960000e-06
18          3     --->    7       1.1003487008798e-05    1.1023329001000e-08
19          3     --->    8       2.4198825799932e-02    2.4242462231950e-05
20          3     --->    9       3.5602010822000e-04    3.5666210000000e-07
21          3     --->    10      3.2415850894643e-04    3.2474304643000e-07
22          3     --->    11      2.0461626442976e-02    2.0498523785790e-05
23          4     --->    2       1.3037942752553e+00    1.3061453368616e-03
24          4     --->    3       1.3378595104000e-05    1.3402720000000e-08
25          4     --->    6       1.5153922008520e-01    1.5181248255380e-04
26          4     --->    8       3.9205713210650e-03    3.9276410750000e-06
27          4     --->    9       7.4066578127921e-02    7.4200138377000e-05
28          4     --->    11      6.1763095941622e-02    6.1874469987600e-05
29          5     --->    2       3.5341710208000e-06    3.5405440000000e-09
30          5     --->    3       4.1363092190355e-01    4.1437680014380e-04
31          6     --->    2       1.8293786483580e-02    1.8326774678000e-05
32          6     --->    3       1.4356511680000e-06    1.4382400000000e-09
33          6     --->    4       1.4330677033718e-01    1.4356518767500e-04
34          6     --->    7       4.9451627955583e-03    4.9540801398100e-06
35          6     --->    8       8.0157159804834e-02    8.0301702870000e-05
36          7     --->    1       1.3639266047904e-04    1.3663860997700e-07
37          7     --->    2       5.0482213838475e-06    5.0573245680700e-09
38          7     --->    3       1.5952244182000e-06    1.5981010000000e-09
39          7     --->    6       8.7670257008836e-03    8.7828348035300e-06
40          7     --->    8       6.1476326769340e-05    6.1587183700000e-08
41          8     --->    2       9.4142777213847e-02    9.4312539785461e-05
42          8     --->    3       1.0884108720201e-03    1.0903735444000e-06
43          8     --->    4       6.0529753042478e-03    6.0638903068000e-06
44          8     --->    6       5.2206785407103e-02    5.2300927075840e-05
45          8     --->    7       3.3988895081043e-03    3.4050185414790e-06
46          9     --->    2       2.3145635728600e-04    2.3187373000000e-07
47          9     --->    4       6.5494531889563e-02    6.5612634631900e-05
48          9     --->    10      8.0844474936680e-04    8.0990257400000e-07
49          9     --->    11      8.1781390696232e-02    8.1928862649000e-05
50          10    --->    0       1.0409328813993e-04    1.0428099392900e-07
51          10    --->    2       6.0471696105408e-05    6.0580741440000e-08
52          10    --->    3       2.4104093393800e-06    2.4147559000000e-09
53          10    --->    9       1.0927957865412e-02    1.0947663660000e-05
54          10    --->    11      4.2446919329791e-03    4.2523461560600e-06
55          11    --->    2       9.3821097587635e-02    9.3990280091800e-05
56          11    --->    3       1.0741139125528e-03    1.0760508040000e-06
57          11    --->    4       7.0181716939209e-02    7.0308271828500e-05
58          11    --->    9       5.8344000558557e-02    5.8449209135000e-05
59          11    --->    10      1.3683395255493e-02    1.3708069781099e-05
