#           From          To       Mass Flux           Volumetric Flux
                                   (kg/s)              (m3/s)

0           0     --->    1        3.314532757         0.003320522    
1           0     --->    2        0.224266455         0.000224672    
2           0     --->    3        0.021169886         0.000021208    
3           0     --->    4        0.001374823         0.000001377    
4           0     --->    5        0.000000000         0.000000000    
5           0     --->    12       0.000268547         0.000000269    
6           1     --->    0        3.384758472         0.003390866    
7           1     --->    1        0.000960072         0.000000962    
8           1     --->    2        3.863486290         0.003870458    
9           1     --->    3        0.301169664         0.000301713    
10          1     --->    4        0.028530978         0.000028582    
11          1     --->    5        0.005312988         0.000005323    
12          1     --->    11       0.000013963         0.000000014    
13          1     --->    12       0.002070429         0.000002074    
14          2     --->    0        0.170887411         0.000171196    
15          2     --->    1        4.061736584         0.004069075    
16          2     --->    3        3.509612322         0.003515953    
17          2     --->    4        0.498512417         0.000499413    
18          2     --->    5        0.027151307         0.000027200    
19          2     --->    11       0.000540515         0.000000541    
20          2     --->    12       0.008515907         0.000008531    
21          3     --->    0        0.004444222         0.000004452    
22          3     --->    1        0.192143664         0.000192490    
23          3     --->    2        3.875841379         0.003882837    
24          3     --->    4        3.630565405         0.003637118    
25          3     --->    5        0.433406502         0.000434189    
26          3     --->    11       0.013398210         0.000013422    
27          3     --->    12       0.055681627         0.000055782    
28          4     --->    0        0.001454367         0.000001457    
29          4     --->    1        0.015876761         0.000015905    
30          4     --->    2        0.296918452         0.000297454    
31          4     --->    3        4.172673702         0.004180205    
32          4     --->    5        4.097388268         0.004104783    
33          4     --->    11       0.265692621         0.000266172    
34          4     --->    12       0.409404457         0.000410143    
35          4     --->    13       0.001731561         0.000001735    
36          5     --->    0        0.000000808         0.000000001    
37          5     --->    1        0.000970405         0.000000972    
38          5     --->    2        0.008366069         0.000008381    
39          5     --->    3        0.143274039         0.000143532    
40          5     --->    4        4.616640091         0.004624961    
41          5     --->    11       6.129996777         0.006141045    
42          5     --->    12       0.452599823         0.000453416    
43          5     --->    13       0.078531496         0.000078673    
44          5     --->    14       0.005437203         0.000005447    
45          6     --->    7        17.594837189        0.017626578    
46          6     --->    8        0.466512591         0.000467354    
47          6     --->    9        0.002575443         0.000002580    
48          6     --->    10       0.000000000         0.000000000    
49          7     --->    6        17.481466293        0.017512977    
50          7     --->    8        14.333304405        0.014359141    
51          7     --->    9        0.632440627         0.000633581    
52          7     --->    10       0.006562804         0.000006575    
53          7     --->    17       0.000095415         0.000000096    
54          8     --->    6        0.572564185         0.000573597    
55          8     --->    7        14.310247421        0.014336065    
56          8     --->    9        29.908418655        0.029962378    
57          8     --->    10       6.295339108         0.006306697    
58          8     --->    12       0.000644653         0.000000646    
59          8     --->    13       0.032327820         0.000032386    
60          8     --->    14       0.684017777         0.000685252    
61          8     --->    15       16.533348083        0.016563177    
62          8     --->    17       0.035646871         0.000035711    
63          8     --->    19       0.448732853         0.000449542    
64          8     --->    20       0.000068427         0.000000069    
65          8     --->    22       0.030052135         0.000030106    
66          8     --->    25       0.002214586         0.000002219    
67          9     --->    6        0.009917262         0.000009935    
68          9     --->    7        0.544246733         0.000545227    
69          9     --->    8        32.320251465        0.032378457    
70          9     --->    9        0.000000000         0.000000000    
71          9     --->    10       30.715021133        0.030770335    
72          9     --->    13       0.000330554         0.000000331    
73          9     --->    14       0.030221147         0.000030276    
74          9     --->    15       0.755086601         0.000756446    
75          9     --->    17       1.779036164         0.001782240    
76          9     --->    18       0.000133015         0.000000133    
77          9     --->    19       0.038674340         0.000038744    
78          9     --->    20       0.029917192         0.000029971    
79          10    --->    6        0.000040679         0.000000041    
80          10    --->    7        0.004346363         0.000004354    
81          10    --->    8        4.243914604         0.004251561    
82          10    --->    9        32.695949554        0.032754861    
83          10    --->    10       0.000000000         0.000000000    
84          10    --->    14       0.000384060         0.000000385    
85          10    --->    15       0.018036949         0.000018069    
86          10    --->    17       26.686367035        0.026734449    
87          10    --->    18       1.908884406         0.001912324    
88          10    --->    19       5.044554234         0.005053643    
89          10    --->    20       1.392709255         0.001395219    
90          10    --->    21       0.043870755         0.000043950    
91          10    --->    22       0.594673038         0.000595745    
92          10    --->    24       0.001007321         0.000001009    
93          10    --->    25       0.060870137         0.000060980    
94          10    --->    28       0.003833957         0.000003841    
95          10    --->    29       0.000176432         0.000000177    
96          11    --->    1        0.000033901         0.000000034    
97          11    --->    2        0.000314097         0.000000315    
98          11    --->    3        0.005554995         0.000005565    
99          11    --->    4        0.116528876         0.000116739    
100         11    --->    5        6.616836548         0.006628755    
101         11    --->    12       8.722154617         0.008737865    
102         11    --->    13       0.338818580         0.000339429    
103         11    --->    14       0.017209405         0.000017240    
104         11    --->    15       0.000428009         0.000000429    
105         12    --->    0        0.000059358         0.000000059    
106         12    --->    1        0.000989634         0.000000991    
107         12    --->    2        0.007756116         0.000007770    
108         12    --->    3        0.052056659         0.000052151    
109         12    --->    4        0.366832793         0.000367495    
110         12    --->    5        0.212888941         0.000213273    
111         12    --->    8        0.000526874         0.000000528    
112         12    --->    11       9.078709602         0.009095102    
113         12    --->    13       12.541488647        0.012564132    
114         12    --->    14       0.508372545         0.000509290    
115         12    --->    15       0.030877477         0.000030933    
116         13    --->    4        0.002135135         0.000002139    
117         13    --->    5        0.039235335         0.000039306    
118         13    --->    8        0.031494696         0.000031551    
119         13    --->    9        0.000383187         0.000000384    
120         13    --->    11       0.300274014         0.000300815    
121         13    --->    12       12.502147675        0.012524664    
122         13    --->    14       13.273247719        0.013297154    
123         13    --->    15       0.736097872         0.000737424    
124         14    --->    5        0.003585323         0.000003592    
125         14    --->    8        0.813424468         0.000814892    
126         14    --->    9        0.037226949         0.000037294    
127         14    --->    10       0.000641129         0.000000642    
128         14    --->    11       0.028617075         0.000028669    
129         14    --->    12       0.600124359         0.000601207    
130         14    --->    13       13.178019524        0.013201802    
131         14    --->    15       13.784507751        0.013809385    
132         15    --->    8        16.474592209        0.016504483    
133         15    --->    9        0.669023991         0.000670238    
134         15    --->    10       0.026118282         0.000026166    
135         15    --->    11       0.000560187         0.000000561    
136         15    --->    12       0.047036681         0.000047122    
137         15    --->    13       0.713769138         0.000715064    
138         15    --->    14       13.927187920        0.013952456    
139         16    --->    17       0.830541551         0.000832037    
140         16    --->    20       0.002917817         0.000002923    
141         17    --->    7        0.000045074         0.000000045    
142         17    --->    8        0.011164514         0.000011185    
143         17    --->    9        2.262300014         0.002266366    
144         17    --->    10       30.303524017        0.030357981    
145         17    --->    16       0.830934107         0.000832427    
146         17    --->    18       0.272175550         0.000272665    
147         17    --->    19       0.014281509         0.000014307    
148         17    --->    20       24.916898727        0.024961676    
149         17    --->    21       7.350542545         0.007363752    
150         17    --->    22       0.101793982         0.000101977    
151         17    --->    23       0.014016407         0.000014042    
152         17    --->    24       0.346505255         0.000347128    
153         17    --->    25       0.043851428         0.000043930    
154         17    --->    26       0.001660041         0.000001663    
155         17    --->    27       0.000101332         0.000000102    
156         17    --->    28       0.004869384         0.000004878    
157         17    --->    29       0.000322575         0.000000323    
158         18    --->    9        0.000104705         0.000000105    
159         18    --->    10       0.473151207         0.000474004    
160         18    --->    17       0.003758278         0.000003765    
161         18    --->    20       0.020145703         0.000020182    
162         18    --->    21       5.437362194         0.005447161    
163         18    --->    24       0.044223234         0.000044303    
164         18    --->    26       0.000416152         0.000000417    
165         18    --->    27       0.000276612         0.000000277    
166         19    --->    8        0.150631249         0.000150903    
167         19    --->    9        0.000000000         0.000000000    
168         19    --->    10       2.823928356         0.002829019    
169         19    --->    17       0.043093659         0.000043171    
170         19    --->    22       5.416985035         0.005426749    
171         19    --->    25       0.599142969         0.000600223    
172         19    --->    28       0.074423365         0.000074558    
173         19    --->    29       0.013702112         0.000013727    
174         20    --->    8        0.000363202         0.000000364    
175         20    --->    9        0.014011442         0.000014037    
176         20    --->    10       1.761933208         0.001765118    
177         20    --->    16       0.002525007         0.000002530    
178         20    --->    17       31.229330063        0.031285778    
179         20    --->    18       0.001487526         0.000001490    
180         20    --->    21       1.738774419         0.001741917    
181         20    --->    22       0.034226045         0.000034288    
182         20    --->    23       3.574730635         0.003581192    
183         20    --->    24       8.421606064         0.008436828    
184         20    --->    25       0.520741045         0.000521682    
185         20    --->    26       0.081642479         0.000081790    
186         20    --->    27       0.032792270         0.000032852    
187         20    --->    28       0.024990462         0.000025036    
188         20    --->    29       0.004481724         0.000004490    
189         21    --->    10       0.016453333         0.000016483    
190         21    --->    17       5.722008705         0.005732324    
191         21    --->    18       3.772524118         0.003779324    
192         21    --->    20       3.017869473         0.003023310    
193         21    --->    24       10.066783905        0.010084931    
194         21    --->    26       0.069450274         0.000069575    
195         21    --->    27       0.039181910         0.000039253    
196         22    --->    8        0.007175598         0.000007189    
197         22    --->    10       0.262539953         0.000263013    
198         22    --->    17       0.020869689         0.000020907    
199         22    --->    19       3.306151152         0.003312109    
200         22    --->    20       0.257480055         0.000257944    
201         22    --->    23       0.083572730         0.000083723    
202         22    --->    25       6.665727139         0.006677740    
203         22    --->    28       0.551117778         0.000552111    
204         22    --->    29       0.104102649         0.000104290    
205         23    --->    17       0.011460851         0.000011481    
206         23    --->    20       6.487922668         0.006499596    
207         23    --->    22       0.000000000         0.000000000    
208         23    --->    25       0.140258357         0.000140511    
209         23    --->    28       1.764785647         0.001767961    
210         23    --->    29       0.002900763         0.000002906    
211         24    --->    10       0.000000197         0.000000000    
212         24    --->    17       0.105388843         0.000105578    
213         24    --->    18       0.023865933         0.000023909    
214         24    --->    20       10.825264931        0.010844728    
215         24    --->    21       8.057294846         0.008071781    
216         24    --->    26       5.396159649         0.005405862    
217         24    --->    27       2.634473801         0.002639211    
218         25    --->    8        0.000245762         0.000000246    
219         25    --->    10       0.013112803         0.000013136    
220         25    --->    17       0.005702427         0.000005713    
221         25    --->    19       0.249602363         0.000250053    
222         25    --->    20       0.459822416         0.000460652    
223         25    --->    22       4.784929276         0.004793566    
224         25    --->    23       1.824472427         0.001827765    
225         25    --->    28       6.318440437         0.006329845    
226         25    --->    29       0.584374785         0.000585430    
227         26    --->    17       0.000712571         0.000000714    
228         26    --->    18       0.000367294         0.000000368    
229         26    --->    20       0.015364189         0.000015392    
230         26    --->    21       0.055650134         0.000055751    
231         26    --->    24       5.477235794         0.005487154    
232         26    --->    27       0.000033765         0.000000034    
233         27    --->    17       0.000000000         0.000000000    
234         27    --->    18       0.000000000         0.000000000    
235         27    --->    20       0.000995160         0.000000997    
236         27    --->    21       0.020783152         0.000020821    
237         27    --->    24       2.685037374         0.002689891    
238         27    --->    26       0.000038421         0.000000038    
239         28    --->    10       0.000730140         0.000000731    
240         28    --->    17       0.001211629         0.000001214    
241         28    --->    19       0.019867368         0.000019903    
242         28    --->    20       0.014448047         0.000014474    
243         28    --->    22       0.269208252         0.000269694    
244         28    --->    23       2.910198212         0.002915449    
245         28    --->    25       5.925344944         0.005936037    
246         28    --->    29       4.623414040         0.004631757    
247         29    --->    10       0.000000000         0.000000000    
248         29    --->    17       0.000079394         0.000000080    
249         29    --->    19       0.000039955         0.000000040    
250         29    --->    20       0.001657782         0.000001661    
251         29    --->    22       0.026872694         0.000026921    
252         29    --->    23       0.000324469         0.000000325    
253         29    --->    25       0.282513231         0.000283022    
254         29    --->    28       5.021995544         0.005031042    
